-4.2035899425165155
-14.44170218879119
-12.174897668055674
-17.123781650768034
-19.038650249789537
-14.582011252233919
-17.57275296037455
-6.829210364430698
-8.164184228409356
6.593288579238083
18.801965996681268
28.17416504552029
45.78502778913609
62.15384149989457
82.82631454483773
100.79750949185258
121.13032986191888
145.03801795942638
179.644571078312
205.27013890048462
237.2356964942442
271.6128086004697
300.25600446584787
337.46078854122993
378.79501818789566
425.875593206805
460.5697766304043
508.6902402580385
552.0553662948297
601.9876771321373
653.033840401735
706.4149950529098
768.6596344758597
821.1794889267678
879.4147557504183
944.7602898075033
1000.2411633099969
1071.1130406250513
1133.9327372543084
1204.8205122643965
1279.0995622300452
1353.2500664541094
1422.988040819683
1503.7470285829709
1575.2910761784517
1665.5258347498514
1748.5568016032632
1824.091136391646
1911.9903544626854
2004.0313455187834
2091.491929117692
2185.600619883581
2279.386203104548
2385.45242002288
2475.5002917615875
2582.889339048801
2684.332579455363
2787.2594601974592
2894.217507819623
3007.979978015695
3111.720975086629
3227.3538390185613
3339.5285047672996
3461.1581215951683
3581.1815950237483
3703.2880554189474
3822.1509286554765
3953.545680605432
4076.143571427237
4209.713907884192
4338.68471393798
4471.667931371184
4605.859124343649
4739.784211632656
4876.856219474237
5024.246186669647
5161.797994243583
5311.761303843414
5456.127485598252
5600.520158201129
5758.36040072817
5911.455246589215
6063.124413202363
6218.473702360332
6384.703513256583
6541.567396943199
6702.809667756551
6867.717179221459
7035.68942547686
7203.654476431791
7380.850094997493
7549.0954863223515
7719.1297844737755
7904.096482722844
8077.024590183924
8256.39904633228
8448.672225171777
8627.860636161968
8820.168499677762
9000.492114283235
9193.107083184304
9384.053720553113
9580.637437025049
9785.71729228485
9977.443035269942
10177.576863075283
10379.510013724203
10590.479950367167
10799.888715311941
11001.414717969414
11212.368166393991
11427.194469797465
11639.423230012366
11861.793815761715
12079.539226225601
12296.614122027864
12523.561895244116
12750.194013214112
12973.11529299822
13208.076336113889
13440.48592263038
13668.723103218965
13908.231325487892
14138.414038745996
14384.774873816183
14620.7190571586
14867.918173760005
15111.103894388396
15359.745788569664
15609.471704305844
15856.72039868078
16111.664083961714
16362.533002039
16621.779701942505
16881.281472519753
17137.42042478469
17406.1460810823
17672.968011462897
17938.75666189957
18202.92642708183
18479.87171716421
18748.718090107905
19028.85287245717
19305.609632545453
19583.54638567881
19857.015488636425
20144.921829228482
20425.757231737418
20712.23687097562
21002.581898940207
21294.20083973661
21592.582441183793
21883.50325529314
22177.934911990276
22479.23744849529
22778.011402544646
23082.579702236697
23390.819585254016
23693.43986574775
24001.904896040884
24314.926442097913
24629.00017211432
24942.436299968213
25265.490002980692
25583.57561844827
25896.48669435318
26228.022047427112
26549.28446418197
26872.056312863017
27203.91716099109
27540.40786405623
27872.63065987784
28200.673800410368
28538.935648452323
28879.571332117463
29223.252471525753
29565.87153330166
29907.79877247175
30255.5846684702
30603.81325509744
30959.239466055453
31305.93017657526
31660.933283848077
32020.227525632192
32379.37678647581
32737.747294573346
33108.38217278977
33467.337667325526
33835.758341442226
34209.01143767093
34579.943051738235
34949.26967151558
35326.318921771854
35697.91695733646
36082.20472169412
36457.193358472985
36847.54350312621
37230.946529090055
37615.32816860249
38000.95495210668
38391.69512821844
38793.9079923504
39188.687109160914
39577.71885001696
39975.00485154403
40379.711736537676
40787.71645621971
41186.82417585597
41592.41334242114
42008.727837334234
42411.50017384663
42832.332207656254
43242.3550246149
43664.58520977523
44077.73451703285
44502.76693978929
44927.64751251387
45346.57187690104
45778.11298067774
46208.36516818467
46637.86321947475
47069.95880379119
47502.91292696169
47939.970462616824
48383.092792498705
48824.405568639544
49262.7447303051
49710.964820008616
50156.747283223216
50605.6688209511
51054.729525438976
51512.55240023695
51964.45683228061
52416.212716606
52876.09563744331
53339.19131047966
53808.67042469217
54267.31911603563
54740.156152772506
55204.00229796962
55676.02412703609
56149.2670175104
56624.14858021291
57100.905950355285
57584.97605793399
58064.32158030025
58548.76149909989
59024.05521770819
59513.3442694466
60003.9210007905
60494.13888907946
60986.06814193323
61487.973051298875
61977.403093881825
62482.329373897475
62983.63999901963
63487.92496171745
63990.257660658506
64500.00885189657
65006.56751215606
65518.78066602603
66029.13604897338
66545.0959340518
67058.19898998465
67581.61465992137
68100.55065105064
68621.63811093124
69151.98354440568
69679.50636364083
70209.95671285463
70732.74983616124
71269.65788718096
71808.49192973996
72339.7774728935
72878.45628189317
73417.04547748616
73962.75895586843
74510.27775948086
75053.84776979586
75605.58643647068
76152.99873557006
76707.55851286362
77261.39788538197
77824.96341844615
78377.20465495014
78944.45754773429
79501.44786151401
80072.39148898535
80637.07932152992
81209.38389723319
81774.13331010636
82345.15706218366
82927.81455542901
83498.02797097276
84075.62565476206
84658.99612906676
85242.39639510591
85829.77918942356
86417.00350151281
87002.51643544082
87594.58422060701
88188.09331877026
88787.50975813514
89378.32948095292
89979.06119121423
90583.17187512282
91186.41155840928
91790.90747550639
92395.42405189449
93004.93457272346
93617.09039165106
94226.07364430906
94848.72260829195
95464.4643122781
96076.80539776657
96700.02711976964
97326.78625377412
97944.80174018042
98580.71298566682
99202.9835439984
99840.19842497408
100471.14069849688
101102.15673458371
101745.57926742254
102383.81375446245
103018.81994501679
103665.65523991805
104304.82458366627
104957.40114545691
105606.0804356912
106254.34028260063
106907.66506927782
107565.11571839152
108221.96059277978
108880.91738212346
109537.31197480773
110203.05880243622
110872.52296513747
111531.39433770599
112203.98050397162
112873.49517870406
113553.88019223168
114222.17395816461
114901.4947027432
115583.57449370525
116263.78335801454
116941.4358064084
117630.01212331746
118318.4299708698
119007.28015850554
119694.7168654602
120384.34553152589
121079.93042895787
121784.43098611888
122481.54906088108
123182.9292907815
123880.08529419798
124586.81778221787
125292.80109566324
126007.9512471788
126718.60364116909
127426.62716312426
128140.46346372699
128862.65864494305
129577.4432223341
130298.55462850479
131026.66933214598
131752.73961302065
132480.82133924245
133206.96541795376
133939.61593680424
134670.00677818214
135402.54081058444
136137.79132054583
136882.93522678688
137617.80129724424
138367.25953089126
139112.74514372376
139851.63091822443
140600.12504367068
141358.24101953514
142106.4161214369
142866.9268421945
143622.22162216707
144381.8720757346
145143.77817900086
145901.16625044117
146665.58634785996
147432.89429613738
148202.5191982218
148977.86760014095
149745.92925541534
150524.25104144413
151298.95702919824
152082.51023464615
152857.9697366018
153643.52284644244
154433.98347302817
155220.49950131844
156008.73580225254
156791.59413098122
157589.12378823562
158385.15982124337
159180.29885640732
159983.0694475765
160782.59921071355
161582.8629977083
162389.00456743172
163193.88971285202
164002.32509250854
164812.8166114479
165627.13938217348
166444.74827672815
167257.2709173546
168084.4721246569
168899.10757188758
169727.23567330212
170551.9106348786
171378.96482246838
172208.4710211169
173039.93121199496
173870.44913806624
174708.44326830935
175536.07716316162
176376.96100226376
177218.8509592239
178063.51127439685
178906.6478020076
179759.03214127335
180600.82531543632
181453.90049551486
182308.0229677461
183166.6143380102
184017.3048900985
184876.23454541469
185744.99790754067
186606.43097408864
187471.96790318395
188334.49741867997
189207.13682921222
190073.595652315
190945.3548799237
191823.9049613779
192698.80382474142
193583.406633015
194459.01029933355
195347.20000304474
196226.14322669565
197120.36448589843
198005.44938424954
198892.95208126478
199785.29952929963
200687.66704733617
201583.80371342058
202476.55442178802
203382.62365436842
204283.4007549098
205185.91649003534
206091.77407798378
207002.17209211868
207920.7470613265
208825.03171483098
209740.20262031315
210662.41520722807
211579.7554668407
212505.41569822296
213424.1873012141
214347.2270453834
215276.39942743606
216205.14924532865
217132.31724094698
218067.21856627383
219002.5440804667
219944.75818836156
220875.26681437818
221816.39397592013
222764.09117264466
223710.15508979608
224657.2028523501
225607.65525436055
226560.28082695958
227506.0559047068
228464.52822116073
229418.70750719937
230382.01952187603
231340.6447955841
232305.4209557524
233273.79181192946
234231.9220370073
235208.17761094394
236179.9516042633
237147.74399293264
238128.16297491587
239105.7442159178
240084.62207709503
241058.3413535286
242040.13095189419
243030.1270442686
244017.31062471407
